Pac = 2/9*3/9*3/9*3/9

Pc = 9/14

Pa = 5/14*4/14*7/14*6/14

Pca = Pac*Pc/Pa